Seq-1
              0v         1v         2v         3v         4v
count  22.000000  22.000000  22.000000  21.000000  22.000000
mean    0.829722   0.912925   0.929658   0.910803   0.862085
std     0.053986   0.033745   0.042802   0.034957   0.024781
min     0.729132   0.842761   0.788073   0.817633   0.803200
25%     0.789727   0.895752   0.919351   0.893572   0.844277
50%     0.847125   0.915574   0.933289   0.915685   0.866107
75%     0.870925   0.935081   0.958355   0.929709   0.879883
max     0.901777   0.974382   0.981449   0.969267   0.904438



seq 17

              0v         1v         2v         3v         4v
count  22.000000  22.000000  22.000000  22.000000  21.000000
mean    0.846288   0.912429   0.921241   0.902408   0.862638
std     0.044806   0.048220   0.058499   0.046383   0.026213
min     0.765202   0.728117   0.713276   0.746965   0.772336
25%     0.804733   0.903758   0.912374   0.891467   0.855341
50%     0.857439   0.918461   0.939855   0.913180   0.866218
75%     0.886214   0.943471   0.955480   0.933946   0.875311
max     0.902617   0.958716   0.969547   0.954195   0.893062

